69,107.05,107.05,30,1,115,115
69,98.8,98.8,30,1,115,115
68,103.61,103.61,30,1,115,115
70,103.87,103.87,30,1,115,115
69,101.46,101.46,30,1,115,115
68,100.22,100.22,30,1,115,115
69,98.89,98.89,30,1,115,115
68,98.75,98.75,30,1,115,115
69,95.53,95.53,30,1,115,115
69,94.55,94.55,30,1,115,115
67,93.32,93.32,30,1,115,115
69,91.18,91.18,30,1,115,115
67,90.43,90.43,30,1,115,115
68,81.22,81.22,30,1,115,115
68,78.77,78.77,30,1,115,115
67,83.94,83.94,30,1,115,115
68,78.66,78.66,30,1,115,115
67,80.55,80.55,30,1,115,115
68,79.11,79.11,30,1,115,115
68,77.26,77.26,30,1,115,115
66,74.59,74.59,30,1,115,115
68,72.24,72.24,30,1,115,115
66,71.11,71.11,30,1,115,115
68,69.21,69.21,30,1,115,115
66,66.85,66.85,30,1,115,115
67,65.38,65.38,30,1,115,115
67,63.41,63.41,30,1,115,115
66,61.49,61.49,30,1,112,112
66,59.88,59.88,30,1,110,110
66,57.31,57.31,30,1,106,106
67,55.29,55.29,30,1,103,103
65,53.29,53.29,30,1,100,100
66,51.34,51.34,30,1,97,97
65,49.97,49.97,30,1,95,95
66,47.74,47.74,30,1,92,92
65,46.04,46.04,30,1,89,89
66,44.4,44.4,30,1,87,87
66,42.93,42.93,30,1,84,84
64,41.4,41.4,30,1,82,82
66,39.81,39.81,30,1,80,80
64,38.58,38.58,30,1,78,78
66,37.28,37.28,30,1,76,76
64,36.04,36.04,30,1,74,74
65,34.9,34.9,30,1,70,70
64,33.9,33.9,30,1,69,69
65,33,33,30,1,68,68
64,32.17,32.17,30,1,67,67
66,31.47,31.47,30,1,67,67
64,30.86,30.86,30,1,66,66
64,29.91,29.91,30,1,0,0
63,29.49,29.49,30,1,0,0
65,29.43,29.43,30,1,0,0
64,29.45,29.45,30,1,0,0
65,29.47,29.47,30,1,0,0
64,29.57,29.57,30,1,0,0
65,29.98,29.98,30,1,0,0
63,29.83,29.83,30,1,0,0
65,29.9,29.9,30,1,0,0
64,29.43,29.43,30,1,66,66
65,29.9,29.9,30,1,0,0
64,30,30,30,1,0,0
65,29.97,29.97,30,1,0,0
64,30.05,30.05,30,1,0,0
65,30.12,30.12,30,1,0,0
63,29.97,29.97,30,1,0,0
65,30,30,30,1,0,0
64,29.97,29.97,30,1,0,0
65,29.97,29.97,30,1,0,0
64,30,30,30,1,0,0
65,30.12,30.12,30,1,0,0
64,30.1,30.1,30,1,0,0
64,29.98,29.98,30,1,0,0
64,29.98,29.98,30,1,0,0
65,29.95,29.95,30,1,0,0
64,29.95,29.95,30,1,0,0
65,30,30,30,1,0,0
64,30.09,30.09,30,1,0,0
65,30.07,30.07,30,1,0,0
63,30,30,30,1,0,0
65,30,30,30,1,0,0
64,30,30,30,1,0,0
65,29.95,29.95,30,1,0,0
65,30.09,30.09,30,1,0,0
64,30.1,30.1,30,1,0,0
64,30,30,30,1,0,0
64,30,30,30,1,0,0
65,29.98,29.98,30,1,0,0
64,29.95,29.95,30,1,0,0
65,29.97,29.97,30,1,0,0
64,30.09,30.09,30,1,0,0
65,30.1,30.1,30,1,0,0
63,29.97,29.97,30,1,0,0
65,29.97,29.97,30,1,0,0
64,29.98,29.98,30,1,0,0
65,29.98,29.98,30,1,0,0
64,29.71,29.71,50,1,95,95
65,30.03,30.03,50,1,95,95
64,30.38,30.38,50,1,94,94
65,30.87,30.87,50,1,94,94
64,31.58,31.58,50,1,93,93
65,32.48,32.48,50,1,91,91
65,33.53,33.53,50,1,90,90
65,34.78,34.78,50,1,88,88
64,36.13,36.13,50,1,86,86
65,37.53,37.53,50,1,84,84
65,38.84,38.84,50,1,82,82
65,40.45,40.45,50,1,79,79
64,41.71,41.71,50,1,77,77
66,43.03,43.03,50,1,75,75
65,44.42,44.42,50,1,73,73
65,45.53,45.53,50,1,69,69
65,46.49,46.49,50,1,69,69
66,47.36,47.36,50,1,68,68
66,48.17,48.17,50,1,67,67
65,48.89,48.89,50,1,66,66
66,49.47,49.47,50,1,66,66
66,49.97,49.97,50,1,0,0
66,50.27,50.27,50,1,0,0
65,50.74,50.74,50,1,66,66
66,50.72,50.72,50,1,66,66
65,50.05,50.05,50,1,0,0
66,49.91,49.91,50,1,0,0
65,49.85,49.85,50,1,0,0
66,49.43,49.43,50,1,66,66
65,49.49,49.49,50,1,66,66
66,49.64,49.64,50,1,0,0
66,50.14,50.14,50,1,0,0
65,50.1,50.1,50,1,0,0
66,50.12,50.12,50,1,0,0
65,50.12,50.12,50,1,0,0
66,50.12,50.12,50,1,0,0
65,50.12,50.12,50,1,0,0
66,50.1,50.1,50,1,0,0
65,50.1,50.1,50,1,0,0
66,50.14,50.14,50,1,0,0
65,50.14,50.14,50,1,0,0
66,50.12,50.12,50,1,0,0
65,50.14,50.14,50,1,0,0
66,50.1,50.1,50,1,0,0
65,50.12,50.12,50,1,0,0
67,50.14,50.14,50,1,0,0
66,50.12,50.12,50,1,0,0
65,50.14,50.14,50,1,0,0
66,50.1,50.1,50,1,0,0
65,50.15,50.15,50,1,0,0
66,50.24,50.24,50,1,0,0
65,49.83,49.83,50,1,0,0
66,50.21,50.21,50,1,0,0
65,50.24,50.24,50,1,0,0
66,50.1,50.1,50,1,0,0
65,50.1,50.1,50,1,0,0
66,50.57,50.57,50,1,66,66
65,50.12,50.12,50,1,0,0
66,49.97,49.97,50,1,0,0
66,49.61,49.61,50,1,0,0
65,50.02,50.02,50,1,0,0
66,50.02,50.02,50,1,0,0
65,50.02,50.02,50,1,0,0
